[app/ui]
version = 9.0.2
modtime = 1670395603.182605000

[app/launcher]
version = 9.0.2
modtime = 1670395603.183717000
