[app/ui]
version = 9.0.2
modtime = 1670396826.501680000

[app/launcher]
version = 9.0.2
modtime = 1670396826.503034000

[app/package/check_for_updates]
version = 9.0.2
modtime = 1670396826.507683000

[inputs/eve-api-stream%3A%2F%2FThe%20Forge%20Orders]
owner = admin
version = 9.0.2
modtime = 1670658344.078610000
